X0 = 0.24986488
X1 = 1.774998
X2 = 0.14207166
X3 = 2.759625
X4 = -1.1620283
X5 = 2.4758587
X6 = 0.28658417
X7 = 0.7155185
X8 = -0.43027598
X9 = -0.78913516
X10 = 2.0496364
X11 = 1.5694356
X12 = -1.3372567
X13 = -4.8427596
X14 = -1.7876749
X15 = -0.04810518
X16 = 2.5388613
X17 = 2.2352679
X18 = -2.3739119
X19 = -0.69429255
X20 = 1.5488595
X21 = 1.0557442
X22 = 2.03673
X23 = -0.92222065
X24 = -2.4887805
X25 = -1.8640239
X26 = 3.7177148
X27 = 0.24154902
X28 = 3.1893334
X29 = -0.04748702
X30 = -1.8766848
X31 = -2.7497497
X32 = 2.3071957
X33 = 3.031476
X34 = 0.19734798
X35 = -0.99283844
X36 = -1.6523763
X37 = 0.2311033
X38 = 0.012477934
X39 = -1.1975193
X40 = -3.0066302
X41 = 0.46209964
X42 = -0.6033365
X43 = -1.3459941
X44 = -1.3525592
X45 = 0.7747386
X46 = -0.33409616
X47 = 2.7549787
X48 = -0.47268927
X49 = -1.8106034
X50 = 0.9236944
X51 = 0.27439767
X52 = 1.475595
X53 = 1.5757672
X54 = 1.2312776
X55 = -2.082822
X56 = 0.20426583
X57 = 2.1856945
X58 = 0.06993079
X59 = -0.38303933
X60 = -0.13334696
X61 = -0.80610764
X62 = -1.8179486
X63 = 0.34757218
X64 = -0.5981719
X65 = -4.1571035
X66 = -4.7266808
X67 = -1.5613315
X68 = 1.1400843
X69 = -1.7635112
X70 = 0.47193104
X71 = -0.4837944
X72 = 0.10630383
X73 = 0.73713946
X74 = 0.7435262
X75 = 1.1586616
X76 = 0.77752364
X77 = -0.46445504
X78 = 2.5711544
X79 = -1.0966666
X80 = 1.4302099
X81 = -0.81893903
X82 = 0.02422899
X83 = -0.35372883
X84 = -0.58527565
X85 = 1.6927865
X86 = 0.7543177
X87 = -2.40362
X88 = -0.7934898
X89 = 4.154842
X90 = 0.28798556
X91 = 1.4468458
X92 = 1.9316648
X93 = -2.0646036
X94 = 0.57949746
X95 = 0.25585073
X96 = -3.0679708
X97 = 2.7694137
X98 = -0.8468571
X99 = -0.41173333
