x0 = 0.250375051310532
x1 = 1.77503285646402
x10 = 2.04930145587368
x11 = 1.57044132835008
x12 = -1.33704652813736
x13 = -4.84266993815358
x14 = -1.78721236374797
x15 = -0.0484364339592907
x16 = 2.53893116634910
x17 = 2.23531845796604
x18 = -2.37410114675387
x19 = -0.693739543935162
x2 = 0.142394482198422
x20 = 1.54879932044026
x21 = 1.05570124508219
x22 = 2.03648455185655
x23 = -0.921974771698533
x24 = -2.48861078394843
x25 = -1.86413740355704
x26 = 3.71768749339020
x27 = 0.241225868538561
x28 = 3.18893551331460
x29 = -0.0474941977273878
x3 = 2.75989589320724
x30 = -1.87741671060325
x31 = -2.74988640788680
x32 = 2.30784597138055
x33 = 3.03150696050838
x34 = 0.196936630856621
x35 = -0.992957509110985
x36 = -1.65285418513813
x37 = 0.230687783195396
x38 = 0.0129789384358426
x39 = -1.19742630747413
x4 = -1.16193841726997
x40 = -3.00628628209627
x41 = 0.461545647412420
x42 = -0.603459565086554
x43 = -1.34574021965206
x44 = -1.35344262383077
x45 = 0.774741287432469
x46 = -0.333778558671852
x47 = 2.75555131498765
x48 = -0.472645844364733
x49 = -1.81083518372840
x5 = 2.47517464267492
x50 = 0.923743262260326
x51 = 0.274469165235904
x52 = 1.47599112965114
x53 = 1.57601527850990
x54 = 1.23150170876905
x55 = -2.08272730569801
x56 = 0.203910291783581
x57 = 2.18603399819236
x58 = 0.0700193300171097
x59 = -0.383788597655668
x6 = 0.286699559170454
x60 = -0.133078975761009
x61 = -0.806113081073882
x62 = -1.81798303520373
x63 = 0.347280148245274
x64 = -0.597873792170775
x65 = -4.15721163865559
x66 = -4.72659986174670
x67 = -1.56168012622375
x68 = 1.14037634964199
x69 = -1.76333971342432
x7 = 0.715421546978085
x70 = 0.472127757272689
x71 = -0.484136215609421
x72 = 0.105523673438200
x73 = 0.737123239452720
x74 = 0.744422853426351
x75 = 1.15900632574884
x76 = 0.777538492445832
x77 = -0.463984528421013
x78 = 2.57115065424304
x79 = -1.09662563173320
x8 = -0.430649403807487
x80 = 1.43021667302498
x81 = -0.818841461168785
x82 = 0.0242858788487860
x83 = -0.353826969849333
x84 = -0.584987199336679
x85 = 1.69297601884268
x86 = 0.754416382502721
x87 = -2.40361729135639
x88 = -0.793370756792036
x89 = 4.15521876375357
x9 = -0.789131805923521
x90 = 0.288157016557709
x91 = 1.44757247317793
x92 = 1.93134697132219
x93 = -2.06490263204891
x94 = 0.579484957021743
x95 = 0.255638554455279
x96 = -3.06842874711443
x97 = 2.76907402899823
x98 = -0.847270352758384
x99 = -0.411457978694358
